# Nota: C-Order, 1 refers to the Y axis, 2 to the X axis 
# Calibration done at Wed Jan  6 20:31:56 2021
poni_version: 2
Detector: Perkin
Detector_config: {"pixel1": 0.0002, "pixel2": 0.0002}
Distance: 0.21579245016302465
Poni1: 0.2023899053078685
Poni2: 0.1999265415443156
Rot1: -0.002622048439846722
Rot2: 0.005759098102632556
Rot3: -1.617505782805275e-09
Wavelength: 1.655e-11
