# Nota: C-Order, 1 refers to the Y axis, 2 to the X axis 
# Calibration done at Wed Jan  6 18:40:25 2021
poni_version: 2
Detector: Perkin
Detector_config: {"pixel1": 0.0002, "pixel2": 0.0002}
Distance: 0.21443324434493116
Poni1: 0.20290156249077793
Poni2: 0.19918357292303787
Rot1: -0.005793172989060559
Rot2: 0.003583863698418859
Rot3: 1.1827930804884658e-05
Wavelength: 1.6650000000000002e-11
