# Nota: C-Order, 1 refers to the Y axis, 2 to the X axis 
# Calibration done at Thu Jan  7 11:12:32 2021
poni_version: 2
Detector: Perkin
Detector_config: {"pixel1": 0.0002, "pixel2": 0.0002}
Distance: 0.21311058206280517
Poni1: 0.20371741249614297
Poni2: 0.19926338532109664
Rot1: -0.005459474671120779
Rot2: 0.00013444011435543568
Rot3: 1.0011135270390339e-09
Wavelength: 1.675e-11
